ASTRONOMMJA. 237

 

ea S.
*Loxa
'⁷ Ψ. 1
0¹¹‚00 01 ,οο ÷07112’”575‚9 -1—-0'1 12m57³ ,9 - 0³50
0 ,89 0 ,86 ο 12 57 ,ο 0 12 56 ,4 ο ,6
1 ‚90 1 ,82 0 12 56 ,1 0 12 54 ,6 1 ,5
2 ,88 2 ,78 0 12 55 ,1 0 12 52 ,6 2 ,5
3 ,88 3 ,74 0 12 54 ,α 0 12 50 ‚3 3 ,9
4 ‚93 4 ‚70 0 12 53 ,2 012 48 ,1 5 ,1
5 ,88 5 ,66 ο 12 52 ‚2 0 12 46 ,2 6 ,ο
6 ,93 6 ,62 ο 12 51 ‚3 ‘0 12 44 ,ο 7 ,3
7 ,88 7 ,58 012 50 ‚3 0 12 41 .9 8 ,4
δ ,99 8 ,64 012 49 ‚3 0 12 4ο ,2 9 ,1
9 ⁹99 9 ⁹60 012 4ὃ ⁹3 0 12 38 ³8 9 95
10 ,88 1ο ,46 ο 12 47 ‚4 0 12 37 ,ο 1ο ,4
11 ,90 11,42 ο 12 46 ‚5 0 12 35 ,5 11 ,ο
12 ,9ο 12 ‚38 012 45 ‚5 0 12 33 ,8 11 ,7
13 ,91 13 ,34 ο 12 44 ,6 0 12 32 ,6 12 ,ο
14 >93 ¹4 ,50 0 12 43 ,4 0 ¹2 3 ,ο 11 ,4
15 ‚94 15 ,30 0 12 42 ,6 0 12 3124 11 ,2
16 ‚94 16 ,26 0 ¹12 41 ,6 0 12 30 ,6 11 ,0
17 ‚92 17 ,2ο 0 12 4ο ,7 0 12 30 ‚6 ιο ,1
1 18 ,89 18 ‚14 ο 12 39 ‚8 0 12 30 ‚3 9 ‚5
2 19 ,84 19 ,05 0 12 38 ‚9 0712 30 ,0 8 ³9
3 2ο ,93 2ο ‚09 ο 12 37 ,8 ·’ 0 12 3ο ,2 7 ..6
4 21 ‚92 21 ,ο2 ο 12 36 ‚9 0 12 30 ‚4 6 ,5
5 23 ‚00 22 ‚08 019. 35 ‚8 0 12 30 ,9 4 ,9
6 Ω3 ’35 22 ‚90 0 12 35 ‚0 0 12 31 ‚1 3 ²9
7 24 ,98 23 ,98 ο’ 12 33 ,9 0 12 30 ’,6 3 ³3
8 25 ,85 -- 24 282- 012 33 ,1 012 30 ,6 25
9 26 ‚97 25 ,89- ο 12 32 ,ο 012 31 ,1 ο ,9
10 27 ,98 26 ,86 0 12 31 ,ο 0 12 30 ,6 ο ,4
11 28 ,92 27 ’,δο ὀ 12 30 ,ι 0 12 30 ‚1 0 ‚0
1 49 ,95 48 ,οο ο 12 9 ,9 0 13 6 ,8 1-1-56 9
2 50‚94 48296 012 829 013 8221 59³3
3 51 ,96 ’ 49 ‚92 0 12 7 ,9 013 10 ,1 62 ,ε

